1774354871017
1774354871095
1774354871152
1774354878855
1774354996913
1774363507913
1774363508008
1774363508069
1774363508090
1774363508113
1774363508134
1774363508258
1774363508346
1774363508401
1774363508433
1774363508459
1774363508480
1774363872469
1774363872609
1774363872777
1774533687969
1774533793352
1774533845811
1774533853689
1774533858893
1774534000996
1774534001158
1774534001219
1774534001252
1774534010583
1774534014652
1774871322391
1774871360356
1774871418348
1774871474582
1774871526535
1774871544703
1774871562787
1774871565581
1774871569864
1774871577491
1774871645671
1774871731116
1774871816982
1774871907821
1774871995342
1774872015047
1774872088995
1774872174641
1774872228994
1774872240150
1774872253854
1774872253932
1774872254016
1774872254052
1774872254085
1774872254120
1774872301608
1774872355633
1774872431609
1774872491857
1774872580077
1774873481572
1774890137788
1774892253743
1774892254319
1774959193569
1774959195444
1775044329959
1778502046214
1778503781095
1778503781154
1778503781211
1778503781253
1778503781297
1778503781334
1778503781392
1778503781451
1778503781515
1778503781559
1778503781594
1778503781644
1778503781715
1778503781758
1778503781833
1778503781882
1778503781931
1778503781966
1778503782010
1778503782045
1778503782081
1778503782103
1778503782131
1778503782157
1778503782205
1778503782249
1778503782288
1778503782310
1778503782337
1778503782363
1778503782401
1778503782436
1778503782480
1778503782501
1778503782527
1778503782554
1778503782603
1778503782641
1778503782681
1778503782704
1778503782730
1778503833101
1778503833186
1778503833273
1778503833332
1778503833362
1778503833384
1778503833443
1778503833495
1778503833586
1778503833691
1778503833753
1778503833799
1778503833860
1778503833916
1778503833965
1778503833994
1778503834019
1778503834073
1778503834145
1778503834184
1778503834217
1778503834254
1778503834274
1778503834307
1778503834353
1778503834405
1778503834432
1778503834466
1778503834490
1778503834527
1778503834621
1778503834663
1778503834693
1778503834727
1778503834750
1778503834786
1778503834851
1778503834891
1778503834921
1778503834954
1778503834977
1778503835012
1778504615373
1778504643395
1778504687176
1778504702566
1778504702605
